---
location1: [-4.4, 1.017, 0.6476754]
location2: [-4.63, 3.98, 0.5687104]
location3: [3.1, -3.2, 0]